0 0 0 0 0 0 0 0 0.012
0 0 0 0 0 0 0 0 0.024
0 0 0 0 0 0 0 0 0.036
0 0 0 0 0 0 0 0 0.047
0 0 0 0 0 0 0 0 0.058
0 0 0 0 0 0 0 0 0.068
0 0 0 0 0 0 0 0 0.081
0 0 0 0 0 0 0 0 0.094
0 0 0 0 0 0 0 0 0.107
0 0 0 0 0 0 0 0 0.119
0 0 0 0 0 0 0 0 0.131
0 0 0 0 0 0 0 0 0.142
0 0 0 0 0 0 0 0 0.153
0 0 0 0 0 0 0 0 0.164
0 0 0 0 0 0 0 0 0.176
0 0 0 0 0 0 0 0 0.187
0 0 0 0 0 0 0 0 0.198
0 0 0 0 0 0 0 0 0.211
0 0 0 0 0 0 0 0 0.223
0 0 0 0 0 0 0 0 0.235
0 0 0 0 0 0 0 0 0.246
0 0 0 0 0 0 0 0 0.258
0 0 0 0 0 0 0 0 0.269
0 0 0 0 0 0 0 0 0.281
0 0 0 0 0 0 0 0 0.293
0 0 0 0 0 0 0 0 0.305
0 0 0 0 0 0 0 0 0.317
0 0 0 0 0 0 0 0 0.328
0 0 0 0 0 0 0 0 0.339
0 0 0 0 0 0 0 0 0.351
0 0 0 0 0 0 0 0 0.362
0 0 0 0 0 0 0 0 0.374
0 0 0 0 0 0 0 0 0.386
0 0 0 0 0 0 0 0 0.397
0 0 0 0 0 0 0 0 0.409
0 0 0 0 0 0 0 0 0.420
0 0 0 0 0 0 0 0 0.431
0 0 0 0 0 0 0 0 0.443
0 0 0 0 0 0 0 0 0.455
0 0 0 0 0 0 0 0 0.467
0 0 0 0 0 0 0 0 0.479
0 0 0 0 0 0 0 0 0.490
0 0 0 0 0 0 0 0 0.501
0 0 0 0 0 0 0 0 0.513
0 0 0 0 0 0 0 0 0.525
0 0 0 0 0 0 0 0 0.537
0 0 0 0 0 0 0 0 0.548
0 0 0 0 0 0 0 0 0.560
0 0 0 0 0 0 0 0 0.572
0 0 0 0 0 0 0 0 0.584
0 0 0 0 0 0 0 0 0.595
0 0 0 0 0 0 0 0 0.606
0 0 0 0 0 0 0 0 0.618
0 0 0 0 0 0 0 0 0.629
0 0 0 0 0 0 0 0 0.640
0 0 0 0 0 0 0 0 0.652
0 0 0 0 0 0 0 0 0.663
0 0 0 0 0 0 0 0 0.675
0 0 0 0 0 0 0 0 0.686
0 0 0 0 0 0 0 0 0.697
0 0 0 0 0 0 0 0 0.709
0 0 0 0 0 0 0 0 0.720
0 0 0 0 0 0 0 0 0.731
0 0 0 0 0 0 0 0 0.743
0 0 0 0 0 0 0 0 0.755
0 0 0 0 0 0 0 0 0.767
0 0 0 0 0 0 0 0 0.779
0 0 0 0 0 0 0 0 0.790
0 0 0 0 0 0 0 0 0.801
0 0 0 0 0 0 0 0 0.813
0 0 0 0 0 0 0 0 0.825
0 0 0 0 0 0 0 0 0.837
0 0 0 0 0 0 0 0 0.849
0 0 0 0 0 0 0 0 0.861
0 0 0 0 0 0 0 0 0.872
0 0 0 0 0 0 0 0 0.884
0 0 0 0 0 0 0 0 0.895
0 0 0 0 0 0 0 0 0.906
0 0 0 0 0 0 0 0 0.918
0 0 0 0 0 0 0 0 0.929
0 0 0 0 0 0 0 0 0.940
0 0 0 0 0 0 0 0 0.952
0 0 0 0 0 0 0 0 0.966
0 0 0 0 0 0 0 0 0.980
0 0 0 0 0 0 0 0 0.997
0 0 0 0 0 0 0 0 1.011
0 0 0 0 0 0 0 0 1.025
0 0 0 0 0 0 0 0 1.037
0 0 0 0 0 0 0 0 1.049
0 0 0 0 0 0 0 0 1.063
0 0 0 0 0 0 0 0 1.077
0 0 0 0 0 0 0 0 1.089
0 0 0 0 0 0 0 0 1.100
0 0 0 0 0 0 0 0 1.112
0 0 0 0 0 0 0 0 1.123
0 0 0 0 0 0 0 0 1.136
0 0 0 0 0 0 0 0 1.148
0 0 0 0 0 0 0 0 1.160
0 0 0 0 0 0 0 0 1.176
0 0 0 0 0 0 0 0 1.194
0 0 0 0 0 0 0 0 1.206
0 0 0 0 0 0 0 0 1.219
0 0 0 0 0 0 0 0 1.231
0 0 0 0 0 0 0 0 1.245
0 0 0 0 0 0 0 0 1.257
0 0 0 0 0 0 0 0 1.273
0 0 0 0 0 0 0 0 1.291
0 0 0 0 0 0 0 0 1.304
0 0 0 0 0 0 0 0 1.315
0 0 0 0 0 0 0 0 1.327
0 0 0 0 0 0 0 0 1.338
0 0 0 0 0 0 0 0 1.351
0 0 0 0 0 0 0 0 1.363
0 0 0 0 0 0 0 0 1.375
0 0 0 0 0 0 0 0 1.386
0 0 0 0 0 0 0 0 1.399
0 0 0 0 0 0 0 0 1.411
0 0 0 0 0 0 0 0 1.424
0 0 0 0 0 0 0 0 1.435
0 0 0 0 0 0 0 0 1.449
0 0 0 0 0 0 0 0 1.461
0 0 0 0 0 0 0 0 1.475
0 0 0 0 0 0 0 0 1.488
0 0 0 0 0 0 0 0 1.499
0 0 0 0 0 0 0 0 1.512
0 0 0 0 0 0 0 0 1.524
0 0 0 0 0 0 0 0 1.538
0 0 0 0 0 0 0 0 1.550
0 0 0 0 0 0 0 0 1.563
0 0 0 0 0 0 0 0 1.574
0 0 0 0 0 0 0 0 1.586
0 0 0 0 0 0 0 0 1.600
0 0 0 0 0 0 0 0 1.611
0 0 0 0 0 0 0 0 1.622
0 0 0 0 0 0 0 0 1.633
0 0 0 0 0 0 0 0 1.644
0 0 0 0 0 0 0 0 1.656
0 0 0 0 0 0 0 0 1.668
0 0 0 0 0 0 0 0 1.680
0 0 0 0 0 0 0 0 1.692
0 0 0 0 0 0 0 0 1.706
0 0 0 0 0 0 0 0 1.719
0 0 0 0 0 0 0 0 1.729
0 0 0 0 0 0 0 0 1.742
0 0 0 0 0 0 0 0 1.755
0 0 0 0 0 0 0 0 1.767
0 0 0 0 0 0 0 0 1.780
0 0 0 0 0 0 0 0 1.793
0 0 0 0 0 0 0 0 1.804
0 0 0 0 0 0 0 0 1.818
0 0 0 0 0 0 0 0 1.830
0 0 0 0 0 0 0 0 1.843
0 0 0 0 0 0 0 0 1.854
0 0 0 0 0 0 0 0 1.868
0 0 0 0 0 0 0 0 1.881
0 0 0 0 0 0 0 0 1.893
0 0 0 0 0 0 0 0 1.906
0 0 0 0 0 0 0 0 1.918
0 0 0 0 0 0 0 0 1.931
0 0 0 0 0 0 0 0 1.943
0 0 0 0 0 0 0 0 1.956
0 0 0 0 0 0 0 0 1.968
0 0 0 0 0 0 0 0 1.981
0 0 0 0 0 0 0 0 1.994
0 0 0 0 0 0 0 0 2.006
0 0 0 0 0 0 0 0 2.020
0 0 0 0 0 0 0 0 2.034
0 0 0 0 0 0 0 0 2.045
0 0 0 0 0 0 0 0 2.059
0 0 0 0 0 0 0 0 2.072
0 0 0 0 0 0 0 0 2.085
0 0 0 0 0 0 0 0 2.098
0 0 0 0 0 0 0 0 2.110
0 0 0 0 0 0 0 0 2.123
0 0 0 0 0 0 0 0 2.135
0 0 0 0 0 0 0 0 2.148
0 0 0 0 0 0 0 0 2.162
0 0 0 0 0 0 0 0 2.173
0 0 0 0 0 0 0 0 2.185
0 0 0 0 0 0 0 0 2.196
0 0 0 0 0 0 0 0 2.209
0 0 0 0 0 0 0 0 2.222
0 0 0 0 0 0 0 0 2.233
0 0 0 0 0 0 0 0 2.245
0 0 0 0 0 0 0 0 2.258
0 0 0 0 0 0 0 0 2.272
0 0 0 0 0 0 0 0 2.287
0 0 0 0 0 0 0 0 2.302
0 0 0 0 0 0 0 0 2.315
0 0 0 0 0 0 0 0 2.326
0 0 0 0 0 0 0 0 2.340
0 0 0 0 0 0 0 0 2.353
0 0 0 0 0 0 0 0 2.365
0 0 0 0 0 0 0 0 2.379
0 0 0 0 0 0 0 0 2.391
0 0 0 0 0 0 0 0 2.404
0 0 0 0 0 0 0 0 2.416
0 0 0 0 0 0 0 0 2.428
0 0 0 0 0 0 0 0 2.440
0 0 0 0 0 0 0 0 2.451
0 0 0 0 0 0 0 0 2.468
0 0 0 0 0 0 0 0 2.482
0 0 0 0 0 0 0 0 2.500
0 0 0 0 0 0 0 0 2.517
0 0 0 0 0 0 0 0 2.531
0 0 0 0 0 0 0 0 2.547
0 0 0 0 0 0 0 0 2.560
0 0 0 0 0 0 0 0 2.572
0 0 0 0 0 0 0 0 2.585
0 0 0 0 0 0 0 0 2.597
0 0 0 0 0 0 0 0 2.609
0 0 0 0 0 0 0 0 2.622
0 0 0 0 0 0 0 0 2.634
0 0 0 0 0 0 0 0 2.645
0 0 0 0 0 0 0 0 2.658
0 0 0 0 0 0 0 0 2.672
0 0 0 0 0 0 0 0 2.684
0 0 0 0 0 0 0 0 2.697
0 0 0 0 0 0 0 0 2.708
0 0 0 0 0 0 0 0 2.719
0 0 0 0 0 0 0 0 2.730
0 0 0 0 0 0 0 0 2.741
0 0 0 0 0 0 0 0 2.752
0 0 0 0 0 0 0 0 2.763
0 0 0 0 0 0 0 0 2.774
0 0 0 0 0 0 0 0 2.787
0 0 0 0 0 0 0 0 2.801
0 0 0 0 0 0 0 0 2.814
0 0 0 0 0 0 0 0 2.826
0 0 0 0 0 0 0 0 2.837
0 0 0 0 0 0 0 0 2.849
0 0 0 0 0 0 0 0 2.861
0 0 0 0 0 0 0 0 2.875
0 0 0 0 0 0 0 0 2.888
0 0 0 0 0 0 0 0 2.900
0 0 0 0 0 0 0 0 2.913
0 0 0 0 0 0 0 0 2.926
0 0 0 0 0 0 0 0 2.939
0 0 0 0 0 0 0 0 2.950
0 0 0 0 0 0 0 0 2.962
0 0 0 0 0 0 0 0 2.980
0 0 0 0 0 0 0 0 3.000
0 0 0 0 0 0 0 0 3.018
0 0 0 0 0 0 0 0 3.037
0 0 0 0 0 0 0 0 3.052
0 0 0 0 0 0 0 0 3.065
0 0 0 0 0 0 0 0 3.077
0 0 0 0 0 0 0 0 3.091
0 0 0 0 0 0 0 0 3.107
0 0 0 0 0 0 0 0 3.125
0 0 0 0 0 0 0 0 3.139
0 0 0 0 0 0 0 0 3.150
0 0 0 0 0 0 0 0 3.161
0 0 0 0 0 0 0 0 3.173
0 0 0 0 0 0 0 0 3.188
0 0 0 0 0 0 0 0 3.205
0 0 0 0 0 0 0 0 3.219
0 0 0 0 0 0 0 0 3.232
0 0 0 0 0 0 0 0 3.244
0 0 0 0 0 0 0 0 3.255
0 0 0 0 0 0 0 0 3.266
0 0 0 0 0 0 0 0 3.277
0 0 0 0 0 0 0 0 3.289
0 0 0 0 0 0 0 0 3.300
0 0 0 0 0 0 0 0 3.314
0 0 0 0 0 0 0 0 3.328
0 0 0 0 0 0 0 0 3.340
0 0 0 0 0 0 0 0 3.353
0 0 0 0 0 0 0 0 3.364
0 0 0 0 0 0 0 0 3.375
0 0 0 0 0 0 0 0 3.388
0 0 0 0 0 0 0 0 3.401
0 0 0 0 0 0 0 0 3.414
0 0 0 0 0 0 0 0 3.426
0 0 0 0 0 0 0 0 3.440
0 0 0 0 0 0 0 0 3.455
0 0 0 0 0 0 0 0 3.472
0 0 0 0 0 0 0 0 3.484
0 0 0 0 0 0 0 0 3.497
0 0 0 0 0 0 0 0 3.513
0 0 0 0 0 0 0 0 3.531
0 0 0 0 0 0 0 0 3.544
0 0 0 0 0 0 0 0 3.557
0 0 0 0 0 0 0 0 3.570
0 0 0 0 0 0 0 0 3.582
0 0 0 0 0 0 0 0 3.596
0 0 0 0 0 0 0 0 3.609
0 0 0 0 0 0 0 0 3.621
0 0 0 0 0 0 0 0 3.632
0 0 0 0 0 0 0 0 3.645
0 0 0 0 0 0 0 0 3.657
0 0 0 0 0 0 0 0 3.672
0 0 0 0 0 0 0 0 3.688
0 0 0 0 0 0 0 0 3.700
0 0 0 0 0 0 0 0 3.713
0 0 0 0 0 0 0 0 3.726
0 0 0 0 0 0 0 0 3.743
0 0 0 0 0 0 0 0 3.761
0 0 0 0 0 0 0 0 3.774
0 0 0 0 0 0 0 0 3.785
0 0 0 0 0 0 0 0 3.796
0 0 0 0 0 0 0 0 3.808
0 0 0 0 0 0 0 0 3.821
0 0 0 0 0 0 0 0 3.833
0 0 0 0 0 0 0 0 3.845
0 0 0 0 0 0 0 0 3.857
0 0 0 0 0 0 0 0 3.869
0 0 0 0 0 0 0 0 3.881
0 0 0 0 0 0 0 0 3.892
0 0 0 0 0 0 0 0 3.903
0 0 0 0 0 0 0 0 3.916
0 0 0 0 0 0 0 0 3.929
0 0 0 0 0 0 0 0 3.940
0 0 0 0 0 0 0 0 3.953
0 0 0 0 0 0 0 0 3.965
0 0 0 0 0 0 0 0 3.977
0 0 0 0 0 0 0 0 3.989
0 0 0 0 0 0 0 0 4.000
0 0 0 0 0 0 0 0 4.011
0 0 0 0 0 0 0 0 4.022
0 0 0 0 0 0 0 0 4.033
0 0 0 0 0 0 0 0 4.045
0 0 0 0 0 0 0 0 4.056
0 0 0 0 0 0 0 0 4.068
0 0 0 0 0 0 0 0 4.080
0 0 0 0 0 0 0 0 4.092
0 0 0 0 0 0 0 0 4.102
0 0 0 0 0 0 0 0 4.114
0 0 0 0 0 0 0 0 4.126
0 0 0 0 0 0 0 0 4.137
0 0 0 0 0 0 0 0 4.148
0 0 0 0 0 0 0 0 4.160
0 0 0 0 0 0 0 0 4.171
0 0 0 0 0 0 0 0 4.181
0 0 0 0 0 0 0 0 4.192
0 0 0 0 0 0 0 0 4.203
0 0 0 0 0 0 0 0 4.214
0 0 0 0 0 0 0 0 4.225
0 0 0 0 0 0 0 0 4.238
0 0 0 0 0 0 0 0 4.249
0 0 0 0 0 0 0 0 4.260
0 0 0 0 0 0 0 0 4.271
0 0 0 0 0 0 0 0 4.283
0 0 0 0 0 0 0 0 4.293
0 0 0 0 0 0 0 0 4.305
0 0 0 0 0 0 0 0 4.317
0 0 0 0 0 0 0 0 4.329
0 0 0 0 0 0 0 0 4.340
0 0 0 0 0 0 0 0 4.352
0 0 0 0 0 0 0 0 4.362
0 0 0 0 0 0 0 0 4.373
0 0 0 0 0 0 0 0 4.384
0 0 0 0 0 0 0 0 4.394
0 0 0 0 0 0 0 0 4.405
0 0 0 0 0 0 0 0 4.416
0 0 0 0 0 0 0 0 4.428
0 0 0 0 0 0 0 0 4.440
0 0 0 0 0 0 0 0 4.452
0 0 0 0 0 0 0 0 4.464
0 0 0 0 0 0 0 0 4.475
0 0 0 0 0 0 0 0 4.487
0 0 0 0 0 0 0 0 4.497
0 0 0 0 0 0 0 0 4.508
0 0 0 0 0 0 0 0 4.519
0 0 0 0 0 0 0 0 4.530
0 0 0 0 0 0 0 0 4.541
0 0 0 0 0 0 0 0 4.553
0 0 0 0 0 0 0 0 4.565
0 0 0 0 0 0 0 0 4.577
0 0 0 0 0 0 0 0 4.588
0 0 0 0 0 0 0 0 4.600
0 0 0 0 0 0 0 0 4.611
0 0 0 0 0 0 0 0 4.623
0 0 0 0 0 0 0 0 4.635
0 0 0 0 0 0 0 0 4.648
0 0 0 0 0 0 0 0 4.659
0 0 0 0 0 0 0 0 4.671
0 0 0 0 0 0 0 0 4.682
0 0 0 0 0 0 0 0 4.693
0 0 0 0 0 0 0 0 4.709
0 0 0 0 0 0 0 0 4.722
0 0 0 0 0 0 0 0 4.738
0 0 0 0 0 0 0 0 4.752
0 0 0 0 0 0 0 0 4.767
0 0 0 0 0 0 0 0 4.781
0 0 0 0 0 0 0 0 4.795
0 0 0 0 0 0 0 0 4.807
0 0 0 0 0 0 0 0 4.819
0 0 0 0 0 0 0 0 4.831
0 0 0 0 0 0 0 0 4.844
0 0 0 0 0 0 0 0 4.857
0 0 0 0 0 0 0 0 4.868
0 0 0 0 0 0 0 0 4.880
0 0 0 0 0 0 0 0 4.894
0 0 0 0 0 0 0 0 4.911
0 0 0 0 0 0 0 0 4.926
0 0 0 0 0 0 0 0 4.943
0 0 0 0 0 0 0 0 4.957
0 0 0 0 0 0 0 0 4.971
0 0 0 0 0 0 0 0 4.983
0 0 0 0 0 0 0 0 4.995
0 0 0 0 0 0 0 0 5.009
0 0 0 0 0 0 0 0 5.021
0 0 0 0 0 0 0 0 5.032
0 0 0 0 0 0 0 0 5.050
0 0 0 0 0 0 0 0 5.064
0 0 0 0 0 0 0 0 5.078
0 0 0 0 0 0 0 0 5.092
0 0 0 0 0 0 0 0 5.109
0 0 0 0 0 0 0 0 5.127
0 0 0 0 0 0 0 0 5.142
0 0 0 0 0 0 0 0 5.158
0 0 0 0 0 0 0 0 5.171
0 0 0 0 0 0 0 0 5.189
0 0 0 0 0 0 0 0 5.204
0 0 0 0 0 0 0 0 5.218
0 0 0 0 0 0 0 0 5.233
0 0 0 0 0 0 0 0 5.246
0 0 0 0 0 0 0 0 5.260
0 0 0 0 0 0 0 0 5.272
0 0 0 0 0 0 0 0 5.284
0 0 0 0 0 0 0 0 5.295
0 0 0 0 0 0 0 0 5.309
0 0 0 0 0 0 0 0 5.320
0 0 0 0 0 0 0 0 5.332
0 0 0 0 0 0 0 0 5.345
0 0 0 0 0 0 0 0 5.356
0 0 0 0 0 0 0 0 5.371
0 0 0 0 0 0 0 0 5.388
0 0 0 0 0 0 0 0 5.400
0 0 0 0 0 0 0 0 5.413
0 0 0 0 0 0 0 0 5.429
0 0 0 0 0 0 0 0 5.444
0 0 0 0 0 0 0 0 5.461
0 0 0 0 0 0 0 0 5.475
