8.600 22.600 0.012
8.600 22.600 0.024
10.800 20.700 0.036
10.800 20.700 0.047
10.800 20.700 0.058
8.600 20.700 0.068
8.600 20.700 0.081
8.600 20.700 0.094
8.600 20.700 0.107
8.600 20.700 0.119
8.600 20.700 0.131
8.600 20.700 0.142
8.600 20.700 0.153
8.600 20.700 0.164
8.600 20.700 0.176
8.600 18.800 0.187
8.600 18.800 0.198
8.600 18.800 0.211
8.600 18.800 0.223
8.600 18.800 0.235
8.600 18.800 0.246
10.800 18.800 0.258
10.800 18.800 0.269
10.800 18.800 0.281
10.800 18.800 0.293
10.800 18.800 0.305
8.600 18.800 0.317
8.600 18.800 0.328
10.800 18.800 0.339
10.800 18.800 0.351
10.800 18.800 0.362
10.800 18.800 0.374
10.800 18.800 0.386
13.000 20.700 0.397
13.000 20.700 0.409
13.000 20.700 0.420
13.000 20.700 0.431
13.000 20.700 0.443
13.000 20.700 0.455
13.000 20.700 0.467
13.000 20.700 0.479
15.200 20.700 0.490
15.200 20.700 0.501
15.200 20.700 0.513
15.200 20.700 0.525
15.200 20.700 0.537
15.200 20.700 0.548
15.200 20.700 0.560
15.200 20.700 0.572
15.200 20.700 0.584
15.200 20.700 0.595
15.200 20.700 0.606
21.700 20.700 0.618
21.700 20.700 0.629
34.700 22.600 0.640
34.700 22.600 0.652
34.700 22.600 0.663
45.600 24.500 0.675
45.600 24.500 0.686
52.100 28.300 0.697
52.100 28.300 0.709
52.100 28.300 0.720
45.600 33.900 0.731
45.600 33.900 0.743
45.600 33.900 0.755
32.600 41.500 0.767
32.600 41.500 0.779
39.100 45.200 0.790
39.100 45.200 0.801
39.100 45.200 0.813
43.400 49.000 0.825
43.400 49.000 0.837
47.800 52.800 0.849
47.800 52.800 0.861
47.800 52.800 0.872
45.600 54.700 0.884
45.600 54.700 0.895
45.600 54.700 0.906
43.400 56.600 0.918
43.400 56.600 0.929
43.400 58.400 0.940
43.400 58.400 0.952
43.400 58.400 0.966
41.300 60.300 0.980
41.300 60.300 0.997
41.300 62.200 1.011
41.300 62.200 1.025
41.300 67.900 1.037
41.300 67.900 1.049
43.400 69.800 1.063
43.400 69.800 1.077
43.400 71.600 1.089
43.400 71.600 1.100
43.400 71.600 1.112
43.400 69.800 1.123
43.400 69.800 1.136
43.400 69.800 1.148
41.300 67.900 1.160
41.300 67.900 1.176
41.300 67.900 1.194
41.300 67.900 1.206
43.400 62.200 1.219
43.400 62.200 1.231
45.600 56.600 1.245
45.600 56.600 1.257
45.600 56.600 1.273
41.300 52.800 1.291
39.100 49.000 1.304
39.100 49.000 1.315
39.100 49.000 1.327
45.600 47.100 1.338
45.600 47.100 1.351
58.600 45.200 1.363
58.600 45.200 1.375
58.600 45.200 1.386
63.000 43.300 1.399
63.000 43.300 1.411
63.000 43.300 1.424
63.000 43.300 1.435
63.000 43.300 1.449
63.000 43.300 1.461
63.000 43.300 1.475
63.000 43.300 1.488
63.000 43.300 1.499
60.800 43.300 1.512
60.800 43.300 1.524
60.800 43.300 1.538
65.200 47.100 1.550
65.200 47.100 1.563
69.500 50.900 1.574
69.500 50.900 1.586
69.500 50.900 1.600
71.700 56.600 1.611
71.700 56.600 1.622
78.200 67.900 1.633
78.200 67.900 1.644
78.200 67.900 1.656
86.900 75.400 1.668
86.900 75.400 1.680
93.400 81.100 1.692
93.400 81.100 1.706
93.400 81.100 1.719
95.600 86.700 1.729
95.600 86.700 1.742
100.000 92.400 1.755
100.000 92.400 1.767
100.000 92.400 1.780
100.000 94.300 1.793
100.000 94.300 1.804
100.000 96.200 1.818
100.000 96.200 1.830
100.000 96.200 1.843
100.000 96.200 1.854
100.000 96.200 1.868
100.000 96.200 1.881
100.000 96.200 1.893
100.000 94.300 1.906
100.000 94.300 1.918
100.000 94.300 1.931
97.800 94.300 1.943
97.800 94.300 1.956
95.700 92.400 1.968
95.700 92.400 1.981
89.300 88.600 1.994
89.300 88.600 2.006
89.300 88.600 2.020
72.300 83.000 2.034
72.300 83.000 2.045
46.800 69.800 2.059
46.800 69.800 2.072
25.500 54.700 2.085
25.500 54.700 2.098
25.500 54.700 2.110
21.200 41.500 2.123
21.200 41.500 2.135
19.100 32.000 2.148
19.100 32.000 2.162
17.000 30.100 2.173
17.000 30.100 2.185
17.000 30.100 2.196
17.000 30.100 2.209
17.000 30.100 2.222
17.000 30.100 2.233
17.000 30.100 2.245
17.000 30.100 2.258
17.000 30.100 2.272
17.000 30.100 2.287
19.100 35.800 2.302
19.100 35.800 2.315
27.600 52.800 2.326
27.600 52.800 2.340
53.100 71.600 2.353
53.100 71.600 2.365
53.100 71.600 2.379
74.400 81.100 2.391
74.400 81.100 2.404
80.800 84.900 2.416
80.800 84.900 2.428
80.800 84.900 2.440
82.900 88.600 2.451
82.900 88.600 2.468
87.200 90.500 2.482
87.200 90.500 2.500
89.300 90.500 2.517
89.300 90.500 2.531
91.400 94.300 2.547
91.400 94.300 2.560
95.700 96.200 2.572
95.700 96.200 2.585
97.800 98.100 2.597
97.800 98.100 2.609
97.800 98.100 2.622
100.000 100.000 2.634
100.000 100.000 2.645
100.000 100.000 2.658
100.000 100.000 2.672
100.000 100.000 2.684
100.000 100.000 2.697
100.000 100.000 2.708
100.000 100.000 2.719
100.000 100.000 2.730
100.000 100.000 2.741
100.000 100.000 2.752
100.000 100.000 2.763
97.800 100.000 2.774
97.800 100.000 2.787
97.800 100.000 2.801
97.800 98.100 2.814
97.800 98.100 2.826
93.600 96.200 2.837
93.600 96.200 2.849
93.600 96.200 2.861
87.200 92.400 2.875
87.200 92.400 2.888
76.500 88.600 2.900
76.500 88.600 2.913
63.800 84.900 2.926
63.800 84.900 2.939
63.800 84.900 2.950
53.100 81.100 2.962
53.100 81.100 2.980
46.800 77.300 3.000
46.800 77.300 3.018
42.500 75.400 3.037
44.600 75.400 3.052
44.600 75.400 3.065
53.100 79.200 3.077
53.100 79.200 3.091
70.200 83.000 3.107
70.200 83.000 3.125
80.800 86.700 3.139
80.800 86.700 3.150
80.800 86.700 3.161
85.100 88.600 3.173
85.100 88.600 3.188
89.300 92.400 3.205
89.300 92.400 3.219
93.600 94.300 3.232
93.600 94.300 3.244
95.700 96.200 3.255
95.700 96.200 3.266
95.700 96.200 3.277
97.800 98.100 3.289
97.800 98.100 3.300
97.800 98.100 3.314
100.000 100.000 3.328
100.000 100.000 3.340
100.000 100.000 3.353
100.000 100.000 3.364
100.000 100.000 3.375
100.000 100.000 3.388
100.000 100.000 3.401
100.000 98.100 3.414
100.000 98.100 3.426
100.000 98.100 3.440
100.000 98.100 3.455
100.000 98.100 3.472
100.000 98.100 3.484
97.900 98.100 3.497
97.900 98.100 3.513
95.800 96.200 3.531
95.800 96.200 3.544
89.500 92.500 3.557
89.500 92.500 3.570
89.500 92.500 3.582
72.900 88.800 3.596
72.900 88.800 3.609
50.000 83.300 3.621
50.000 83.300 3.632
37.500 77.700 3.645
37.500 77.700 3.657
37.500 77.700 3.672
33.300 72.200 3.688
33.300 72.200 3.700
31.200 66.600 3.713
31.200 66.600 3.726
33.300 62.900 3.743
33.300 62.900 3.761
37.500 57.400 3.774
37.500 57.400 3.785
39.500 29.600 3.796
39.500 29.600 3.808
39.500 29.600 3.821
39.500 27.700 3.833
39.500 27.700 3.845
39.500 25.900 3.857
39.500 25.900 3.869
39.500 25.900 3.881
37.500 24.000 3.892
37.500 24.000 3.903
35.400 24.000 3.916
35.400 24.000 3.929
35.400 24.000 3.940
31.200 22.200 3.953
31.200 22.200 3.965
29.100 22.200 3.977
29.100 22.200 3.989
29.100 22.200 4.000
29.100 20.300 4.011
29.100 20.300 4.022
29.100 20.300 4.033
29.100 20.300 4.045
29.100 20.300 4.056
35.400 20.300 4.068
35.400 20.300 4.080
35.400 20.300 4.092
52.000 20.300 4.102
52.000 20.300 4.114
68.700 20.300 4.126
68.700 20.300 4.137
68.700 20.300 4.148
77.000 20.300 4.160
77.000 20.300 4.171
77.000 20.300 4.181
83.300 18.500 4.192
83.300 18.500 4.203
87.500 18.500 4.214
87.500 18.500 4.225
87.500 18.500 4.238
89.500 18.500 4.249
89.500 18.500 4.260
89.500 18.500 4.271
91.600 18.500 4.283
91.600 18.500 4.293
91.600 18.500 4.305
91.600 18.500 4.317
91.600 18.500 4.329
93.700 18.500 4.340
93.700 18.500 4.352
91.600 18.500 4.362
91.600 18.500 4.373
91.600 18.500 4.384
91.600 18.500 4.394
91.600 18.500 4.405
91.600 18.500 4.416
89.500 18.500 4.428
89.500 18.500 4.440
89.500 18.500 4.452
87.500 18.500 4.464
87.500 18.500 4.475
79.100 18.500 4.487
79.100 18.500 4.497
79.100 18.500 4.508
54.100 18.500 4.519
54.100 18.500 4.530
54.100 18.500 4.541
16.600 18.500 4.553
16.600 18.500 4.565
10.400 18.500 4.577
10.400 18.500 4.588
10.400 18.500 4.600
10.400 18.500 4.611
10.400 18.500 4.623
10.400 18.500 4.635
10.400 18.500 4.648
10.400 18.500 4.659
10.400 18.500 4.671
10.400 18.500 4.682
10.400 18.500 4.693
10.400 18.500 4.709
10.400 18.500 4.722
10.400 18.500 4.738
10.400 18.500 4.752
10.400 18.500 4.767
10.400 18.500 4.781
10.400 20.300 4.795
10.400 20.300 4.807
10.400 20.300 4.819
10.400 20.300 4.831
10.400 20.300 4.844
10.400 20.300 4.857
10.400 20.300 4.868
10.400 20.300 4.880
10.400 20.300 4.894
10.400 20.300 4.911
10.400 20.300 4.926
10.400 20.300 4.943
10.400 20.300 4.957
10.400 20.300 4.971
10.400 20.300 4.983
12.500 20.300 4.995
12.500 20.300 5.009
12.500 20.300 5.021
12.500 20.300 5.032
12.500 20.300 5.050
12.500 20.300 5.064
12.500 20.300 5.078
12.500 20.300 5.092
12.500 20.300 5.109
12.500 22.200 5.127
12.500 22.200 5.142
12.500 22.200 5.158
12.500 22.200 5.171
12.500 22.200 5.189
12.500 22.200 5.204
12.500 22.200 5.218
12.500 22.200 5.233
12.500 22.200 5.246
12.500 22.200 5.260
12.500 20.300 5.272
12.500 20.300 5.284
12.500 22.200 5.295
12.500 22.200 5.309
12.500 22.200 5.320
12.500 24.000 5.332
12.500 24.000 5.345
12.500 25.900 5.356
12.500 25.900 5.371
12.500 25.900 5.388
12.500 27.700 5.400
12.500 27.700 5.413
12.500 27.700 5.429
12.500 27.700 5.444
12.500 27.700 5.461
12.500 27.700 5.475
